4 0.75 0.76484375 0.21640625 0.16640625
2 0.27421875 0.7640625 0.23203125 0.1484375
4 0.75078125 0.234375 0.221875 0.14609375
2 0.265625 0.24453125 0.2421875 0.16640625
6 0.6568764578125 0 0.6578088578125 0.13871374375 0.84335664375 0.14151604375 0.846153846875 0.001401146875 0.6568764578125 0
6 0.6624708625 0.6739526390624999 0.8470862468749999 0.6739526390624999 0.8470862468749999 0.5240297046875 0.6615384625 0.5240297046875 0.6624708625 0.6739526390624999
1 0.61958041875 0.140114896875 0.620512821875 0 0.61958041875 0.001401146875 0.41538461406250005 0.0028022999999999998 0.4163170140625 0.1457194921875 0.61958041875 0.140114896875
1 0.624242425 0.669749196875 0.622377621875 0.51982625625 0.620512821875 0.5226285578125001 0.42191142187499997 0.51982625625 0.423776225 0.6781560875 0.624242425 0.669749196875
3 0.16550116718750002 0 0.1627039640625 0.14151604375 0.37622377500000004 0.1457194921875 0.37808857812499996 0 0.16550116718750002 0
3 0.1720279703125 0.6809583875 0.38088578125 0.679557234375 0.379953378125 0.525430853125 0.1720279703125 0.525430853125 0.1720279703125 0.6809583875
5 0.397668996875 0.48479753593749997 0.64195804375 0.4763906390625 0.6382284406250001 0.32506655156250003 0.3930069921875 0.3264677046875 0.397668996875 0.48479753593749997
5 0.639160840625 1 0.639160840625 0.8575031531249999 0.394871796875 0.8603054484375001 0.3986014 1 0.639160840625 1
0 0.40233100312500003 0.308252765625 0.6307692296875 0.30965391875 0.6335664328124999 0.15132408749999998 0.4013986 0.15272523437500002 0.40233100312500003 0.308252765625
0 0.41072261093750007 0.854700853125 0.6344988328125 0.8434916609374999 0.6335664328124999 0.686562984375 0.4097902109375 0.686562984375 0.41072261093750007 0.854700853125