4 0.25 0.23515625 0.21640625 0.16640625
2 0.72578125 0.2359375 0.23203125 0.1484375
4 0.24921875 0.765625 0.221875 0.14609375
2 0.734375 0.75546875 0.2421875 0.16640625
6 0.34312354218749996 1 0.3421911421875 0.86128625625 0.15664335625 0.85848395625 0.153846153125 0.998598853125 0.34312354218749996 1
6 0.3375291375 0.3260473609375 0.152913753125 0.3260473609375 0.152913753125 0.4759702953125 0.3384615375 0.4759702953125 0.3375291375 0.3260473609375
1 0.38041958125 0.859885103125 0.379487178125 1 0.38041958125 0.998598853125 0.5846153859375 0.9971977000000001 0.5836829859375 0.8542805078125 0.38041958125 0.859885103125
1 0.375757575 0.330250803125 0.377622378125 0.48017374375 0.379487178125 0.4773714421875 0.578088578125 0.48017374375 0.576223775 0.3218439125 0.375757575 0.330250803125
3 0.8344988328125 1 0.8372960359375 0.85848395625 0.6237762250000001 0.8542805078125 0.6219114218749999 1 0.8344988328125 1
3 0.8279720296875 0.3190416125 0.61911421875 0.320442765625 0.620046621875 0.47456914687499996 0.8279720296875 0.47456914687499996 0.8279720296875 0.3190416125
5 0.602331003125 0.5152024640625 0.35804195625 0.5236093609375 0.361771559375 0.6749334484375 0.6069930078125 0.6735322953125 0.602331003125 0.5152024640625
5 0.360839159375 0 0.360839159375 0.142496846875 0.605128203125 0.1396945515625 0.6013986 0 0.360839159375 0
0 0.597668996875 0.691747234375 0.3692307703125 0.69034608125 0.3664335671875 0.8486759125000001 0.5986014 0.847274765625 0.597668996875 0.691747234375
0 0.5892773890624999 0.145299146875 0.36550116718750003 0.1565083390625 0.3664335671875 0.31343701562500004 0.5902097890625 0.31343701562500004 0.5892773890624999 0.145299146875